259.000000 -15.000000 237.000000 257.000000 231.000000 67.000000 237.000000 -64.000000 152.000000 363.000000 
555.000000 233.000000 539.000000 188.000000 356.000000 325.000000 423.000000 -47.000000 123.000000 387.000000 
497.000000 512.000000 572.000000 95.000000 619.000000 155.000000 414.000000 207.000000 203.000000 217.000000 
455.000000 280.000000 675.000000 354.000000 664.000000 346.000000 483.000000 177.000000 168.000000 404.000000 
264.000000 182.000000 272.000000 290.000000 474.000000 -33.000000 234.000000 99.000000 379.000000 156.000000 
272.000000 180.000000 469.000000 286.000000 326.000000 282.000000 325.000000 215.000000 195.000000 231.000000 
421.000000 363.000000 475.000000 506.000000 359.000000 481.000000 468.000000 101.000000 325.000000 328.000000 
384.000000 218.000000 567.000000 395.000000 475.000000 488.000000 361.000000 168.000000 291.000000 298.000000 
387.000000 297.000000 480.000000 170.000000 318.000000 423.000000 483.000000 10.000000 -17.000000 406.000000 
193.000000 241.000000 486.000000 38.000000 403.000000 146.000000 286.000000 326.000000 212.000000 172.000000 
